# comment

t Башка недоверия
t Тимкараки
t Лунтик примет ислам?
t Две школьницы и школьницы
t Наша кошка снова с нами
t -2
t Слоеная береза
t Преп, B' и преп
t Бинарное дерево зла 179
t Персистентный декартов бамбук
t Stav team & co
t МШП
t Мимимишки
t Адыгпрогру
t Like a boss
t Бампер пикапа
t Отбой
t Максим все еще молодец
t Bugs and bucks
t Crustaceans
t Сочные пимпочки
t Нет души
t Скручивай и забивай
t No errors
t Самара и Ко
t Саша молодец
t Трио вдвоем
t Донбасс
t Коллизия
t Украина
t Кирпичи-опоздуны

q chgk1 5

29 1
17 1
14 1
16 1
12 1
8 1
20 1

q chgk2 5

12 1
16 1
25 1
3 1

q chgk3 5

23 1

q chgk4 5

3 1
6 1
24 1
19 1
27 1
23 1
7 1
30 1
16 1
21 1
20 1
2 1
22 1
8 1
28 1
0 1
10 1
18 1
26 1
15 1
25 1
13 1
4 1
1 1
11 1
14 1
29 1
12 1
9 1

q chgk5 5

12 1
16 1
26 1
20 1
22 1
6 1
7 1
21 1
18 1
23 1
5 1
1 1
25 1
24 1
4 1

q chgk6 5

8 1
21 1
30 1
4 1

q sv1 1

22 10
20 10
15 9
27 10
12 10
21 7
0 9
20 10
29 2
4 10
19 10
7 10
5 1
17 2
18 4
16 10
6 9
10 6
14 5
2 7
30 6
28 6
8 5
13 -3
23 9
26 7
9 7
24 10
11 2
1 9
3 10
25 10

q sv2 1

15 7
18 15
25 7
13 0
22 5
7 7
5 1
30 4
11 7
10 -3
4 11
26 6
8 -1
2 7
24 15
17 8
6 12
3 0
16 15
21 7
0 10
23 12
19 10
12 15
20 11
14 -3
28 13
3 2
27 -7
9 10
29 -8
1 7

q sv3 1

21 2
10 15
23 3
24 15
0 8
18 6
17 5
5 8
20 3
12 3
9 13
28 15
26 -1
30 15
22 2
2 5
7 1
11 15
3 15
29 7
19 10
4 3
13 0
6 6
16 15
15 0
25 10
27 5
14 15
1 3
8 15

q sv4 1

30 6
29 -8
20 6
18 10
17 -3
19 2
26 1
11 -3
28 11
16 15
9 6
22 6
6 1
24 10
3 10
15 2
23 7
7 10
4 11
0 5
8 5
2 -3
14 6
25 6
13 2
1 1
10 -1
5 2
21 6
12 5
27 -9

q sv5 1

19 15
14 15
11 10
25 15
16 15
9 11
12 15
21 10
30 10
29 -1
6 4
1 7
20 9
15 4
18 9
28 10
17 0
22 11
7 11
4 9
1 10
8 10
3 15
5 10
13 6
0 4
2 4
10 10
23 15
27 6
26 15
24 15

q bes1 5

13 0
30 0
26 0
3 3
1 0
0 1
8 0
24 2
20 0
4 2
5 1
23 2
27 0
28 0
11 3
7 1
6 0
10 0
17 0
22 0
15 0
2 1
25 1
19 0
14 3
12 4
21 2
9 1
16 4

q az1 3

19 2
0 3
3 3
24 3
22 3
30 1
19 1
17 2
14 1
27 2
12 3
6 2
1 1
25 2
11 3
7 2
28 2
9 3
2 3
15 3
20 2
8 2
21 3
18 3
16 3
5 3
23 3
13 2
10 2
4 3
26 2

q az2 3

30 3
0 2
5 2
13 3
12 3
9 2
27 0
23 2
6 3
3 2
17 2
28 2
11 2
19 2
22 2
10 2
24 2
18 2
26 2
20 2
29 0
16 2
7 3
25 2
8 2
15 2
21 2
4 3
1 1
2 2
14 2

q az3 3

14 3
3 3
12 3
7 3
6 3
28 2
19 3
27 2
23 3
1 2
21 2
5 3
13 2
26 3
17 2
18 2
15 2
4 3
30 2
25 3
11 3
16 3
9 3
0 3
20 3
22 3
10 3
2 2
8 3
24 3

q az4 3

24 1
11 2
5 1

q az5 3

12 3
22 3
27 3
24 3
29 3
18 3
3 3
30 2
5 3
23 3
14 3
25 3
20 3
7 3
21 3
17 3
6 3
11 3
13 2
9 3
26 3
0 3
4 3
19 3
16 3
8 3
2 3
28 3
15 2
1 2
10 2

q chgk7 5

13 0
30 0
21 0
14 0
29 0
22 0
23 0
2 0
28 0
20 0
7 0
0 0
10 0
24 0
11 0
19 0
6 0
16 0
3 0
25 0
12 0
27 0
17 0
5 0
4 0
15 0
9 0
8 0
18 0

q chgk8 5

18 0
13 0
27 0
6 0
1 0
24 1
2 0
29 0
30 0
9 0
21 0
17 0
25 0
22 0
14 1
0 0
16 1
5 1
11 1
19 0
8 0
7 0
23 0
28 0
20 0
12 0
3 0
4 0
10 0
15 0

q chgk9 5

25 1
12 1
23 1
11 1
9 1
24 1
18 1
0 1
16 1
5 1
6 0
13 0
17 0
21 0
27 0
14 0
7 0
15 0
19 0
28 0
8 0
2 0
24 0
10 0
3 0
4 0

q chgk10 5

1 1
24 1
21 1
25 1
0 1
16 1
11 1
23 1
12 1
5 0
8 0
7 0
2 0
15 0
17 0
19 0
3 0
6 0
4 0
18 0
14 0
10 0
9 0
20 0
27 0
30 0
22 0
29 0
13 0

q chgk11 5

20 0
19 0
13 0
2 0
22 0
6 0
27 0
30 0
22 0
10 0
18 0
29 0
25 0
7 1
8 0
1 0
16 0
3 0
0 0
24 0
17 0
4 0
9 0
23 0
12 0
14 0
15 0
21 0
11 0

q chgk12 5

22 0
29 0
13 0
28 0
7 0
18 0
0 1
14 1
5 1
15 1
9 1
25 1
11 1
12 1
2 1
16 1
10 1
3 1
1 1
8 1
30 1
19 1
21 1
24 1
23 1
6 1
27 1
17 1
4 1

q az6 3

12 3
16 2
20 0
1 0
9 0
25 2
15 0
23 3
21 0
28 0
20 0
22 0
11 0
6 0
13 0
18 0
7 0
17 0
10 2
10 2
3 0
8 0
4 3
27 0
19 1
14 0
0 0
2 0
30 0
29 0
5 0

q az7 3

12 3
2 2
30 2
17 2
6 0
27 2
13 2
25 3
20 0
9 0
17 0
24 0
10 1
14 0
5 2
22 0
0 2
23 3
3 2
29 2
19 1
15 0
4 2
21 1
16 3
8 0
28 1
7 2
18 1
1 1

q kino1 2

0   3
1   3
2   3
3   3
4   3
5   3
6   2
7   3
8   3
9   3
10  3
11  3
13  3
14  3
15  3
16  2
17  2
19  3
20  3
21  3
22  3
23  1
24  3
25  3
27  3
28  3
30  3

q kino2 2

0   1
4   2
5   3
6   1
7   2
11   1
12   1
13   1
14   1
15   1
16   1
19   2
22   1
24   1
25   1
28   1

q kino3 2

0    2
1    2
6    2
9    1
10   3
12   3
13   3
15   3
16   3
17   1
19   3
22   3
24   3
25   3
28   3
30   2

q kino4 2
        
0    2
1    2
3    1
5    2
8    2
10   1
11   2
12   1
13   2
15   1
16   2
17   2
18   1
19   1
21   1
22   2
24   3
25   2
28   3

q kino5 2

0    1
1    1
2    1
4    1
5    1
6    1
7    1
8    1
10   1
11   1
12   1
13   2
14   2
15   1
16   2
17   1
19   1
20   1
21   1
22   1
24   1
25   1
27   1
28   1
29   1
30   1

q kino6 2

0   2
1   2
2   1
3   2
4   2
5   3
6   2
7   3
8   1
10  3
11  1
12  2
13  3
14  3
15  2
16  2
17  2
18  1
19  3
20  1
21  1
22  1
24  3
25  3
28  3

q kino7 2

3   1
5   2
6   1
7   3
8   1
11  3
12  3
15  3
16  1
17  1
19  3
20  3
21  1
22  1
23  1
24  1
25  3
28  1
30  1

q kino8 2

0   1
2   1
3   2
4   2
6   2
7   2
8   2
9   1
10  2
11  3
12  2
13  1
14  2
15  2
16  3
17  2
18  2
19  1
20  2
21  2
22  1
23  2
24  1
25  2
27  2
28  1
29  2
30  1

q kino9 2

0   2
2   1
5   1
7   2
8   2
12  1
13  2
14  2
15  2
16  2
17  1
19  2
20  2
22  1
23  1
24  2
25  1
28  1
30  2
